664.1123738
580.5602134
978.586279
1103.288507
630.6756166
1054.380423
452.670438
675.0483734
440.636634
730.9947178
692.8554324
687.2199484
687.4876564
935.5036286
845.7351885
532.0617461
762.2888295
684.4962668
407.8150729
473.3076505
500.6070889
173.734236
540.1269354
544.7398247
615.5737473
288.8159417
287.2253689
287.8284855
466.2966769
612.285111
762.7490763
309
583.8516056
601.0632705
273.9596898
353.9217115
511.2618587
742.6878386
441.0904754
1010.488975
135
842.4072426
610.0158802
647.439981
617.6855134
769.1328013
756.1994499
700.1521691
744.0361525
1008.03185
718.8718708
481.2365448
644.9422839
7371.591125
624.4415933
907.3982528
624.7762367
151.4424675
242.7316435
730.55538
492.4339687
188.6941056
717.8116898
669.7996701
542.8040794
891.6427989
789.0193724
896.9068962
570.6850685
580.83648
248.4281754
56.20057516
129.9562904
246.6753797
263.3478466
11.50661441
313.3468583
314.1597903
170.974211
372.0496306
316.6491316
343.737113
234.3742138
297.9761534
