596.2165051
428.3180284
496.8878337
452.4526664
473.6044113
541.2613855
203.1785306
572.9134006
101.1689141
416.2315778
399.7261568
366.5370649
510.1510706
536.2466333
553.4633964
516.4028199
528.4591017
527.1138647
330.7646444
218.0552473
356.8343457
95.28400154
304.7370499
469.2089634
457.2203328
227.038987
188.4988019
114.1539155
259.9397705
468.5761462
506.4419511
353
559.3928314
453.6838513
290.6366341
298.0200366
520.7878311
295.3987452
382.8026403
458.9434538
70
557.9320441
260.7320499
301.4850599
501.0309441
589.3329929
529.5740491
487.8480171
473.6345067
448.4727751
523.2072299
469.4188904
471.574741
289.332583
310.1563282
600.0892909
419.2689363
138.8544473
246.4465474
416.7120229
441.033199
73.65655607
513.9699015
515.1557765
306.2819676
599.6033271
518.7871352
558.3020772
398.7675387
491.5476876
